"SUPPLIER_SCORECARD_KEY","DELIVERY_MONTH","SUPPLIER_ID","PURCHASE_ORDER_COUNT","DELIVERY_COUNT","TOTAL_ORDERED_QTY","TOTAL_RECEIVED_QTY","TOTAL_ACCEPTED_QTY","TOTAL_REJECTED_QTY","TOTAL_ORDER_VALUE","TOTAL_RECEIVED_VALUE","TOTAL_ACCEPTED_VALUE","TOTAL_REJECTED_VALUE","TOTAL_SHORT_DELIVERY_VALUE","ON_TIME_DELIVERY_RATE","IN_FULL_DELIVERY_RATE","OTIF_RATE","FILL_RATE","ACCEPTANCE_RATE","REJECTION_RATE","AVERAGE_DELIVERY_DELAY_DAYS","AVERAGE_ACTUAL_LEAD_TIME_DAYS","AVERAGE_QUALITY_SCORE","SUPPLIER_PERFORMANCE_SCORE","CREATED_AT"
"785b63b7d7f0115f309adc9bba626370","2024-01-01","S002",19,19,2328,2190,2170,20,33145.67,31210.01,30860.97,349.04,1935.66,0.631579,0.105263,0.000000,0.940722,0.990868,0.009132,0.578947,4.578947,4.32052632,56.296988960000,"2026-07-17 00:01:35.055 -0700"
"5b9cbc631f9d45d3c97a13ef29f413b9","2024-01-01","S005",7,7,848,764,764,0,4562.94,4111.98,4111.98,0.00,450.96,0.714286,0.000000,0.000000,0.900943,1.000000,0.000000,0.857143,3.857143,4.30857143,55.449289290000,"2026-07-17 00:01:35.055 -0700"
"12961530daff1d55556a6f96fc67882d","2024-03-01","S004",30,30,3286,3010,2993,17,30451.57,27752.96,27543.63,209.33,2698.61,0.600000,0.000000,0.000000,0.916007,0.994352,0.005648,0.500000,2.500000,4.35966667,55.866215010000,"2026-07-17 00:01:35.055 -0700"
"dd4e70cdfb06fc5bd5923c3a65c2ffee","2024-04-01","S008",17,17,2217,2020,1998,22,27140.07,24773.89,24495.16,278.73,2366.18,0.529412,0.058824,0.058824,0.911141,0.989109,0.010891,1.000000,6.000000,4.10411765,57.226017950000,"2026-07-17 00:01:35.055 -0700"
"928d81de14f76a656afeadffaefc97d6","2024-04-01","S001",10,10,1071,979,966,13,14946.92,13659.68,13479.42,180.26,1287.24,0.800000,0.100000,0.100000,0.914099,0.986721,0.013279,0.300000,3.300000,4.05600000,58.754895000000,"2026-07-17 00:01:35.055 -0700"
"f56b5c838842b5131dcdce4b2577ca78","2024-04-01","S005",7,7,890,825,820,5,4755.90,4403.68,4376.95,26.73,352.22,0.142857,0.142857,0.000000,0.926966,0.993939,0.006061,2.000000,5.000000,4.08714286,55.314358580000,"2026-07-17 00:01:35.055 -0700"
"a5e0b29a32c0f9c304cb42d5b7b6d98e","2024-06-01","S004",32,32,3756,3470,3443,27,38625.22,35717.91,35357.50,360.41,2907.31,0.625000,0.000000,0.000000,0.923855,0.992219,0.007781,0.625000,2.625000,4.16593750,55.438567500000,"2026-07-17 00:01:35.055 -0700"
"af4303e9cbd88b4be2fb01d6f280d36e","2024-08-01","S001",30,30,3123,2853,2840,13,43913.91,40119.50,39931.31,188.19,3794.41,0.566667,0.033333,0.033333,0.913545,0.995443,0.004557,0.633333,3.633333,4.31366667,57.021805010000,"2026-07-17 00:01:35.055 -0700"
"ea747ba927e1a7ff1151e5b1a884b394","2024-08-01","S005",8,8,781,717,717,0,4107.95,3774.30,3774.30,0.00,333.65,0.375000,0.000000,0.000000,0.918054,1.000000,0.000000,1.250000,4.250000,4.34000000,55.971350000000,"2026-07-17 00:01:35.055 -0700"
"652289ee675b0cf391f4e7ee1b280ac5","2025-02-01","S004",24,24,2492,2327,2310,17,23727.75,22182.86,22007.67,175.19,1544.89,0.500000,0.000000,0.000000,0.933788,0.992694,0.007306,1.000000,3.000000,4.38458333,56.352329990000,"2026-07-17 00:01:35.055 -0700"
"c9f3e6e1830db47051347f7613383629","2025-03-01","S008",14,14,1510,1398,1392,6,18014.55,16601.97,16534.61,67.36,1412.58,0.571429,0.142857,0.071429,0.925828,0.995708,0.004292,0.928571,5.928571,4.40714286,59.138448580000,"2026-07-17 00:01:35.055 -0700"
"84e9b9dea9c438bfa43087754fc73505","2025-08-01","S009",39,39,4226,3838,3774,64,48454.90,44274.06,43571.65,702.41,4180.84,0.564103,0.000000,0.000000,0.908187,0.983325,0.016675,1.000000,4.000000,4.06230769,54.558098070000,"2026-07-17 00:01:35.055 -0700"
"7302d79a3f31142468dc65917c62b441","2024-04-01","S004",20,20,2391,2231,2203,28,20647.80,19303.99,19115.54,188.45,1343.81,0.500000,0.000000,0.000000,0.933082,0.987450,0.012550,0.950000,2.950000,4.08950000,55.344550000000,"2026-07-17 00:01:35.055 -0700"
"cbf9838933c5ba54b7bc4e8a8db9f9b4","2024-06-01","S009",49,49,5601,5155,5116,39,55155.85,50657.39,50277.35,380.04,4498.46,0.571429,0.020408,0.000000,0.920371,0.992435,0.007565,0.795918,3.795918,4.24632653,55.596954590000,"2026-07-17 00:01:35.055 -0700"
"8ca7ebdd5bdb1f2bb48df857f4ec1286","2024-07-01","S009",39,39,4411,4057,4039,18,60361.91,55586.35,55339.04,247.31,4775.56,0.615385,0.000000,0.000000,0.919746,0.995563,0.004437,0.769231,3.769231,4.28000000,55.744910000000,"2026-07-17 00:01:35.055 -0700"
"f4f7e28b7e1cae060303f3cd15d7c896","2024-11-01","S005",13,13,1056,959,947,12,5627.41,5107.38,5045.20,62.18,520.03,0.538462,0.000000,0.000000,0.908144,0.987487,0.012513,0.692308,3.692308,4.24769231,55.196416930000,"2026-07-17 00:01:35.055 -0700"
"3a644d7066ee3d8e82d13342cf7a699d","2024-11-01","S001",26,26,3019,2752,2744,8,42933.65,39107.37,38997.95,109.42,3826.28,0.423077,0.038462,0.038462,0.911560,0.997093,0.002907,1.038462,4.038462,4.27461538,57.093186140000,"2026-07-17 00:01:35.055 -0700"
"1acf8529f14d7f8031bf30cecfb40a0c","2024-12-01","S008",21,21,2040,1853,1833,20,25585.83,23244.75,22988.40,256.35,2341.08,0.380952,0.000000,0.000000,0.908333,0.989207,0.010793,0.904762,5.904762,4.36285714,55.581036420000,"2026-07-17 00:01:35.055 -0700"
"c3eb88d6f1c79ca4377e039ea889d38a","2024-12-01","S004",17,17,1782,1655,1642,13,18713.78,17315.75,17116.23,199.52,1398.03,0.529412,0.000000,0.000000,0.928732,0.992145,0.007855,1.000000,3.000000,4.12588235,55.438847050000,"2026-07-17 00:01:35.055 -0700"
"b4b1b4cf3efeef01d69fb9d0f5c7d76b","2025-01-01","S002",33,33,3657,3304,3275,29,50494.30,45533.86,45152.08,381.78,4960.44,0.696970,0.000000,0.000000,0.903473,0.991223,0.008777,0.424242,4.424242,4.16515152,54.906739560000,"2026-07-17 00:01:35.055 -0700"
"9808fa94661cefff5aee3622417773a3","2025-07-01","S001",25,25,2741,2507,2482,25,38528.33,35228.64,34876.51,352.13,3299.69,0.600000,0.040000,0.000000,0.914630,0.990028,0.009972,0.680000,3.680000,4.30080000,55.568710000000,"2026-07-17 00:01:35.055 -0700"
"fe812ea47de8eb72415e4926812b7409","2026-02-01","S008",14,14,1345,1226,1214,12,17104.32,15634.71,15473.56,161.15,1469.61,0.571429,0.000000,0.000000,0.911524,0.990212,0.009788,0.928571,5.928571,4.31285714,55.530911420000,"2026-07-17 00:01:35.055 -0700"
"2d5426cfa2118561346fb49c3f35c956","2024-06-01","S007",15,15,1453,1356,1354,2,6326.14,5907.13,5898.62,8.51,419.01,0.466667,0.000000,0.000000,0.933242,0.998525,0.001475,1.333333,5.333333,4.27333333,56.121549990000,"2026-07-17 00:01:35.055 -0700"
"e33e930ca2623eed5113d602a9c52b0e","2025-07-01","S010",17,17,1682,1531,1511,20,12780.72,11584.93,11421.77,163.16,1195.79,0.588235,0.000000,0.000000,0.910226,0.986937,0.013063,1.176471,5.176471,4.21764706,55.147331180000,"2026-07-17 00:01:35.055 -0700"
"074828dcce8b9e9d040043d149fecd09","2025-07-01","S009",35,35,3611,3287,3268,19,38727.50,35142.24,34915.67,226.57,3585.26,0.685714,0.028571,0.028571,0.910274,0.994220,0.005780,0.514286,3.514286,4.33942857,56.802375710000,"2026-07-17 00:01:35.055 -0700"
"59f948c2b965a217aa8a9374228560cc","2025-08-01","S008",20,20,2446,2293,2274,19,31062.19,29030.71,28768.66,262.05,2031.48,0.700000,0.000000,0.000000,0.937449,0.991714,0.008286,0.850000,5.850000,4.24150000,55.995005000000,"2026-07-17 00:01:35.055 -0700"
"9e10432c674496cc7f4488b34e9b252f","2026-04-01","S007",13,13,1353,1256,1249,7,5814.72,5374.98,5337.47,37.51,439.74,0.769231,0.000000,0.000000,0.928307,0.994427,0.005573,0.461538,4.461538,4.19384615,55.677753450000,"2026-07-17 00:01:35.055 -0700"
"c6fe7a830891c68d4eeae6f67692e6b1","2024-09-01","S007",17,17,1834,1711,1698,13,8392.13,7696.58,7632.74,63.84,695.55,0.529412,0.058824,0.058824,0.932933,0.992402,0.007598,0.823529,4.823529,4.03058824,57.616089720000,"2026-07-17 00:01:35.055 -0700"
"4c237d176e1f10e0548bc9d83dbe6954","2024-12-01","S005",11,11,1254,1137,1123,14,6522.05,5917.46,5844.98,72.48,604.59,0.363636,0.000000,0.000000,0.906699,0.987687,0.012313,1.000000,4.000000,4.10454545,54.734851350000,"2026-07-17 00:01:35.055 -0700"
"58f6ec23b6a16901d5029e97ecbfd7e6","2025-05-01","S010",20,20,2419,2209,2184,25,18744.35,17123.98,16931.89,192.09,1620.37,0.500000,0.000000,0.000000,0.913187,0.988683,0.011317,0.600000,4.600000,4.11250000,54.940835000000,"2026-07-17 00:01:35.055 -0700"
"1d35529ec95d454bbab505dd3888a010","2025-08-01","S001",14,14,1556,1460,1452,8,21755.77,20427.17,20315.48,111.69,1328.60,0.857143,0.071429,0.071429,0.938303,0.994521,0.005479,0.071429,3.071429,4.21285714,58.843726420000,"2026-07-17 00:01:35.055 -0700"
"1d13da4bbacedf0e642b204e5d11d41d","2026-02-01","S007",9,9,1022,934,923,11,4116.90,3742.44,3714.23,28.21,374.46,0.888889,0.000000,0.000000,0.913894,0.988223,0.011777,0.222222,4.222222,4.35666667,55.681810010000,"2026-07-17 00:01:35.055 -0700"
"a05af5e496807c03ed4cb5f8dbb3529b","2025-03-01","S005",6,6,562,528,528,0,2952.34,2772.49,2772.49,0.00,179.85,0.666667,0.000000,0.000000,0.939502,1.000000,0.000000,0.666667,3.666667,4.43333333,56.787549990000,"2026-07-17 00:01:35.055 -0700"
"6dd52634b3e73a18cfd255410e552605","2024-01-01","S007",14,14,1716,1581,1578,3,6609.57,5980.25,5964.14,16.11,629.32,0.571429,0.071429,0.071429,0.921329,0.998102,0.001898,0.785714,4.785714,4.26714286,58.653853580000,"2026-07-17 00:01:35.055 -0700"
"31ed944ba424172222720b9fde950dfc","2024-03-01","S007",21,21,2268,2049,2031,18,9319.89,8464.52,8388.36,76.16,855.37,0.571429,0.000000,0.000000,0.903439,0.991215,0.008785,0.666667,4.666667,4.07904762,54.647417860000,"2026-07-17 00:01:35.055 -0700"
"7ea74b18b40dc2bc194ce657946089ed","2024-04-01","S009",34,34,3546,3212,3199,13,32042.33,29149.46,28982.45,167.01,2892.87,0.676471,0.000000,0.000000,0.905809,0.995953,0.004047,0.470588,3.470588,4.27235294,55.381343820000,"2026-07-17 00:01:35.055 -0700"
"9909ebdf5ad5e262ea1cb7d72e5bec09","2024-05-01","S004",35,35,3600,3299,3279,20,36623.27,33515.83,33276.86,238.97,3107.44,0.514286,0.028571,0.028571,0.916389,0.993938,0.006062,0.857143,2.857143,4.23742857,56.643610710000,"2026-07-17 00:01:35.055 -0700"
"b7809b883c4a81d9ab40884340f6bf44","2024-05-01","S007",17,17,1818,1685,1665,20,8820.66,8193.76,8087.22,106.54,626.90,0.764706,0.058824,0.058824,0.926843,0.988131,0.011869,0.647059,4.647059,4.12235294,57.653713820000,"2026-07-17 00:01:35.055 -0700"
"139b0c983e482d9264a905c2a324dca6","2024-06-01","S010",20,20,2214,2038,2028,10,16501.07,15140.47,15062.24,78.23,1360.60,0.500000,0.000000,0.000000,0.920506,0.995093,0.004907,1.050000,5.050000,4.33400000,55.916510000000,"2026-07-17 00:01:35.055 -0700"
"8ec70a69d023d8449a173e6a86f299c1","2024-10-01","S004",33,33,3804,3491,3475,16,41129.73,37958.77,37831.59,127.18,3170.96,0.636364,0.000000,0.000000,0.917718,0.995417,0.004583,0.757576,2.757576,4.17727273,55.383108190000,"2026-07-17 00:01:35.055 -0700"
"9fa286afac7f3cc53a6d2727114197fb","2025-02-01","S001",17,17,1813,1663,1646,17,25327.98,23234.92,22997.48,237.44,2093.06,0.470588,0.000000,0.000000,0.917264,0.989778,0.010222,1.117647,4.117647,4.24823529,55.471865870000,"2026-07-17 00:01:35.055 -0700"
"1129b095860962081bfe485fe46a06ed","2024-03-01","S005",9,9,968,890,883,7,5157.85,4740.69,4703.49,37.20,417.16,0.777778,0.000000,0.000000,0.919421,0.992135,0.007865,0.222222,3.222222,4.37888889,55.964891670000,"2026-07-17 00:01:35.055 -0700"
"1d87515e0cbe5be0922a6568c6b6cd9e","2024-04-01","S010",24,24,2387,2214,2199,15,20646.33,19191.59,19084.61,106.98,1454.74,0.541667,0.000000,0.000000,0.927524,0.993225,0.006775,1.000000,5.000000,4.27916667,55.890100010000,"2026-07-17 00:01:35.055 -0700"
"70296766241149129c309daf900cb146","2024-11-01","S008",20,20,1900,1762,1752,10,22738.52,21105.33,20992.65,112.68,1633.19,0.550000,0.000000,0.000000,0.927368,0.994325,0.005675,0.550000,5.550000,4.01850000,55.126200000000,"2026-07-17 00:01:35.055 -0700"
"32fb653b5c779b5b9263c60ee232a140","2024-12-01","S001",18,18,1966,1795,1785,10,27736.52,25319.26,25180.28,138.98,2417.26,0.666667,0.111111,0.000000,0.913021,0.994429,0.005571,0.500000,3.500000,4.29500000,55.599105000000,"2026-07-17 00:01:35.055 -0700"
"8106927b7741e26b020597df7e7525f7","2025-03-01","S007",24,24,2599,2409,2399,10,11956.72,11073.46,11020.17,53.29,883.26,0.625000,0.000000,0.000000,0.926895,0.995849,0.004151,0.458333,4.458333,4.32791667,56.073105010000,"2026-07-17 00:01:35.055 -0700"
"f6f96273e5e471d0edc9da3a92762599","2025-03-01","S009",33,33,3478,3185,3159,26,32278.46,29657.01,29316.36,340.65,2621.45,0.575758,0.030303,0.030303,0.915756,0.991837,0.008163,0.757576,3.757576,4.27424242,56.765487260000,"2026-07-17 00:01:35.055 -0700"
"939fcb99007acb7c4fa11ed24d6878aa","2025-12-01","S010",25,25,3025,2756,2741,15,23930.67,21976.51,21852.46,124.05,1954.16,0.400000,0.040000,0.000000,0.911074,0.994557,0.005443,1.280000,5.280000,4.21680000,55.318390000000,"2026-07-17 00:01:35.055 -0700"
"618cff54be4c286bd2b7bf2d5739ddc3","2026-02-01","S005",12,12,1115,990,989,1,5939.13,5273.76,5268.63,5.13,665.37,0.666667,0.000000,0.000000,0.887892,0.998990,0.001010,0.750000,3.750000,4.40166667,55.382100010000,"2026-07-17 00:01:35.055 -0700"
"a6779b7ff94b5379233a13b4bcb556dc","2025-04-01","S001",26,26,2853,2600,2579,21,39767.40,36256.25,35957.44,298.81,3511.15,0.461538,0.000000,0.000000,0.911321,0.991923,0.008077,1.076923,4.076923,4.19961538,55.220331140000,"2026-07-17 00:01:35.055 -0700"
"76152fb65c351fd33d527de0de42c3e1","2025-07-01","S004",29,29,3317,2972,2946,26,44409.91,39667.08,39354.76,312.32,4742.83,0.448276,0.000000,0.000000,0.895990,0.991252,0.008748,0.896552,2.896552,4.26689655,55.025479650000,"2026-07-17 00:01:35.055 -0700"
"fc99352fa6782559575d486e447c2d5c","2025-09-01","S002",32,32,3246,2995,2954,41,47013.75,43303.34,42691.48,611.86,3710.41,0.593750,0.031250,0.031250,0.922674,0.986311,0.013689,0.625000,4.625000,4.22718750,56.724632500000,"2026-07-17 00:01:35.055 -0700"
"cd79d72d29ce010ee09eaa82443a27e1","2025-09-01","S009",51,51,5290,4892,4857,35,61849.28,57508.72,57067.70,441.02,4340.56,0.588235,0.019608,0.019608,0.924764,0.992845,0.007155,0.843137,3.843137,4.17862745,56.296202350000,"2026-07-17 00:01:35.055 -0700"
"c860b7407f6f5713748d8c61e20b32b0","2025-07-01","S008",13,13,1571,1455,1450,5,17659.25,16364.41,16312.69,51.72,1294.84,0.307692,0.000000,0.000000,0.926162,0.996564,0.003436,1.615385,6.615385,3.88000000,54.725330000000,"2026-07-17 00:01:35.055 -0700"
"a3995f633b4e5517b671162844c0148b","2025-11-01","S004",28,28,2970,2664,2655,9,26204.57,23496.51,23409.38,87.13,2708.06,0.678571,0.000000,0.000000,0.896970,0.996622,0.003378,0.357143,2.357143,4.26928571,55.164547130000,"2026-07-17 00:01:35.055 -0700"
"5d4c851a218f84afe811d82aa4a91e89","2025-09-01","S001",11,11,1295,1139,1136,3,18147.06,15958.94,15918.14,40.80,2188.12,0.636364,0.000000,0.000000,0.879537,0.997366,0.002634,0.454545,3.454545,4.14363636,54.366654080000,"2026-07-17 00:01:35.055 -0700"
"21b36bf517e3c54cbf791d652661b95f","2024-05-01","S005",7,7,826,764,756,8,4438.85,4103.53,4062.65,40.88,335.32,0.857143,0.000000,0.000000,0.924939,0.989529,0.010471,0.000000,3.000000,3.97714286,54.845483580000,"2026-07-17 00:01:35.055 -0700"
"54abe44d62b073bfcc4392147151ca98","2024-10-01","S005",8,8,999,952,949,3,5357.29,5105.21,5088.80,16.41,252.08,0.500000,0.000000,0.000000,0.952953,0.996849,0.003151,0.750000,3.750000,4.45375000,57.122055000000,"2026-07-17 00:01:35.055 -0700"
"f6dd152ca61e91cb57a4df65503777e3","2026-03-01","S005",9,9,1099,1021,1013,8,5884.23,5463.76,5422.27,41.49,420.47,0.666667,0.000000,0.000000,0.929026,0.992165,0.007835,0.555556,3.555556,4.27555556,55.895616680000,"2026-07-17 00:01:35.055 -0700"
"5c9d9ca891ba5ae484589f0fe6e6d211","2024-02-01","S001",28,28,2790,2575,2560,15,39393.59,36348.43,36142.99,205.44,3045.16,0.607143,0.000000,0.000000,0.922939,0.994175,0.005825,0.678571,3.678571,4.25392857,55.718760710000,"2026-07-17 00:01:35.055 -0700"
"3af39fd42b285788013c084aa7ff586d","2024-01-01","S001",12,12,1316,1214,1208,6,18295.31,16866.54,16782.27,84.27,1428.77,0.750000,0.000000,0.000000,0.922492,0.995058,0.004942,0.416667,3.416667,4.18333333,55.513459990000,"2026-07-17 00:01:35.055 -0700"
"3604e13966baebf01630b6783147eab3","2024-02-01","S010",22,22,1981,1835,1823,12,17427.34,16227.24,16107.75,119.49,1200.10,0.681818,0.045455,0.045455,0.926300,0.993460,0.006540,0.454545,4.454545,4.16545455,57.341263650000,"2026-07-17 00:01:35.055 -0700"
"8bfc2811374d47283c96474f3c19808f","2024-05-01","S002",24,24,2634,2397,2372,25,35092.51,31832.33,31549.62,282.71,3260.18,0.541667,0.000000,0.000000,0.910023,0.989570,0.010430,0.708333,4.708333,4.40375000,55.753225000000,"2026-07-17 00:01:35.055 -0700"
"7a352f90a5c93435d8b31f1b7d626735","2024-06-01","S008",17,17,1852,1703,1694,9,23482.51,21573.86,21475.49,98.37,1908.65,0.647059,0.000000,0.000000,0.919546,0.994715,0.005285,0.470588,5.470588,4.20705882,55.504126460000,"2026-07-17 00:01:35.055 -0700"
"34419ca9439cbd63c2d0203a1363e66c","2024-08-01","S004",36,36,4129,3768,3730,38,37012.83,34054.94,33691.70,363.24,2957.89,0.472222,0.000000,0.000000,0.912570,0.989915,0.010085,0.972222,2.972222,4.19361111,55.193383330000,"2026-07-17 00:01:35.055 -0700"
"199b82f4fe85ceb47d40a5a326c071e8","2024-09-01","S008",19,19,2463,2288,2270,18,30437.27,28335.66,28107.15,228.51,2101.61,0.842105,0.000000,0.000000,0.928948,0.992133,0.007867,0.263158,5.263158,4.08894737,55.333202110000,"2026-07-17 00:01:35.055 -0700"
"a7ed516d995ec1a2f394a833aa308daf","2024-11-01","S009",52,52,5511,5140,5112,28,63982.64,59472.66,59169.50,303.16,4509.98,0.653846,0.019231,0.019231,0.932680,0.994553,0.005447,0.653846,3.653846,4.21846154,56.632684620000,"2026-07-17 00:01:35.055 -0700"
"7fc6a938398aefaa232ae6d15961d259","2025-11-01","S002",29,29,3220,3043,3030,13,46587.38,44144.43,43959.34,185.09,2442.95,0.689655,0.000000,0.000000,0.945031,0.995728,0.004272,0.448276,4.448276,4.26344828,56.330679840000,"2026-07-17 00:01:35.055 -0700"
"1a04dfdbe5535f1d486912f2792fcb1b","2024-06-01","S002",20,20,2165,1985,1976,9,29262.16,26773.44,26633.89,139.55,2488.72,0.400000,0.000000,0.000000,0.916859,0.995466,0.004534,1.250000,5.250000,4.18250000,55.378295000000,"2026-07-17 00:01:35.055 -0700"
"885f8e27e8a3aa2fe1afaad5b3fd800d","2024-07-01","S007",16,16,1949,1816,1806,10,9567.47,8928.08,8863.61,64.47,639.39,0.625000,0.125000,0.062500,0.931760,0.994493,0.005507,0.750000,4.750000,4.17125000,58.197610000000,"2026-07-17 00:01:35.055 -0700"
"92cd788252f112f883338faeb73b7d39","2024-08-01","S009",48,48,5730,5276,5216,60,57361.67,52623.40,52080.65,542.75,4738.27,0.583333,0.062500,0.020833,0.920768,0.988628,0.011372,0.708333,3.708333,4.17916667,56.162580010000,"2026-07-17 00:01:35.055 -0700"
"2fb75d10dd52418d7648a8c38df47e08","2024-09-01","S005",10,10,871,797,794,3,4778.58,4370.75,4354.42,16.33,407.83,0.600000,0.000000,0.000000,0.915040,0.996236,0.003764,0.800000,3.800000,4.08200000,55.046720000000,"2026-07-17 00:01:35.055 -0700"
"e0d6d2766780da7db0e7b193d1c4320f","2025-03-01","S001",20,20,1848,1701,1688,13,26145.74,24079.45,23895.12,184.33,2066.29,0.600000,0.000000,0.000000,0.920455,0.992357,0.007643,0.850000,3.850000,4.35400000,55.920515000000,"2026-07-17 00:01:35.055 -0700"
"c1aa26e894f04f7fb78d8c8b3fdcd1f8","2025-03-01","S010",19,19,2027,1893,1879,14,16795.04,15588.46,15471.25,117.21,1206.58,0.473684,0.105263,0.052632,0.933892,0.992604,0.007396,0.789474,4.789474,4.30210526,58.210975780000,"2026-07-17 00:01:35.055 -0700"
"80f806f497a9de12e8c215170fbf08e1","2025-06-01","S008",24,24,2538,2394,2391,3,32351.42,30472.14,30430.01,42.13,1879.28,0.375000,0.125000,0.000000,0.943262,0.998747,0.001253,1.041667,6.041667,4.37708333,56.687739990000,"2026-07-17 00:01:35.055 -0700"
"1b333c0d0404f59d17dd33b7dd46f312","2025-08-01","S002",34,34,4165,3861,3824,37,60797.61,56314.07,55793.27,520.80,4483.54,0.735294,0.029412,0.000000,0.927011,0.990417,0.009583,0.411765,4.411765,4.13382353,55.385085590000,"2026-07-17 00:01:35.055 -0700"
"a999b539e9b4020c004c49aa84968df3","2025-04-01","S009",42,42,4828,4422,4409,13,50862.05,46571.57,46422.08,149.49,4290.48,0.619048,0.023810,0.023810,0.915907,0.997060,0.002940,0.738095,3.738095,4.20928571,56.419132130000,"2026-07-17 00:01:35.055 -0700"
"964084fd6ee0b6040672a152fe4d385f","2025-10-01","S010",20,20,2222,2061,2039,22,19086.65,17844.93,17649.47,195.46,1241.72,0.750000,0.000000,0.000000,0.927543,0.989326,0.010674,0.450000,4.450000,4.16400000,55.467095000000,"2026-07-17 00:01:35.055 -0700"
"e18d12a8043eea63305dc8ce50eb97ff","2026-01-01","S010",29,29,3253,3005,2982,23,25784.26,23823.28,23624.90,198.38,1960.98,0.655172,0.034483,0.034483,0.923763,0.992346,0.007654,0.482759,4.482759,4.24344828,57.050659840000,"2026-07-17 00:01:35.055 -0700"
"563b5097dbd63df2acac9f2c5f59eada","2026-04-01","S008",15,15,1684,1574,1562,12,20273.36,19009.66,18865.87,143.79,1263.70,0.666667,0.000000,0.000000,0.934679,0.992376,0.007624,0.600000,5.600000,4.44933333,56.562494990000,"2026-07-17 00:01:35.055 -0700"
"171db7683df23ccb269d4f7efb2eb3b2","2026-06-01","S002",23,23,2530,2369,2354,15,36499.08,34294.51,34073.14,221.37,2204.57,0.478261,0.130435,0.000000,0.936364,0.993668,0.006332,0.869565,4.869565,4.17521739,55.808112170000,"2026-07-17 00:01:35.055 -0700"
"21038ac25261dc36bf595256198a5b05","2024-09-01","S004",23,23,2472,2282,2266,16,21995.10,20255.78,20144.76,111.02,1739.32,0.782609,0.000000,0.000000,0.923139,0.992989,0.007011,0.391304,2.391304,4.16913043,55.445646290000,"2026-07-17 00:01:35.055 -0700"
"6028cbcf4b1c1c71e493ec5b242b3a47","2025-01-01","S004",28,28,2916,2677,2642,35,30390.39,27785.91,27471.23,314.68,2604.48,0.678571,0.000000,0.000000,0.918038,0.986926,0.013074,0.750000,2.750000,4.11785714,55.043041420000,"2026-07-17 00:01:35.055 -0700"
"27ca6fa578a6fe0365ed791294b386ce","2025-01-01","S005",14,14,1485,1374,1363,11,7882.32,7293.31,7233.74,59.57,589.01,0.785714,0.000000,0.000000,0.925253,0.991994,0.008006,0.785714,3.785714,4.31857143,55.926919290000,"2026-07-17 00:01:35.055 -0700"
"96e82137d2b8e587ea8ae1101aa32e82","2025-08-01","S007",19,19,1850,1713,1681,32,8120.21,7608.04,7456.40,151.64,512.17,0.473684,0.000000,0.000000,0.925946,0.981319,0.018681,1.052632,5.052632,4.23000000,55.465030000000,"2026-07-17 00:01:35.055 -0700"
"ab78a9f7cbdadb6c83eb115c47a9de9b","2025-10-01","S009",36,36,4265,3922,3887,35,46748.84,42675.26,42227.74,447.52,4073.58,0.722222,0.027778,0.027778,0.919578,0.991076,0.008924,0.472222,3.472222,4.24694444,56.662923320000,"2026-07-17 00:01:35.055 -0700"
"b564c20c83bae945641f33e54176aad9","2026-02-01","S002",37,37,3587,3305,3270,35,52606.68,48417.80,47895.02,522.78,4188.88,0.594595,0.000000,0.000000,0.921383,0.989410,0.010590,0.648649,4.648649,4.25351351,55.583315530000,"2026-07-17 00:01:35.055 -0700"
"2afff1f9ffeef9d5c39f72f6f4f259d5","2026-02-01","S010",19,19,2460,2294,2271,23,20370.21,19081.90,18924.52,157.38,1288.31,0.684211,0.000000,0.000000,0.932520,0.989974,0.010026,0.526316,4.526316,4.15578947,55.579848410000,"2026-07-17 00:01:35.055 -0700"
"5909e9952b1bc9dbfd3927b7fc2faa87","2026-03-01","S007",21,21,2606,2421,2410,11,10554.75,9802.02,9735.28,66.74,752.73,0.619048,0.047619,0.047619,0.929010,0.995456,0.004544,0.571429,4.571429,4.25476190,57.803415700000,"2026-07-17 00:01:35.055 -0700"
"872d369e038091b05fa00f030df6c81d","2026-05-01","S002",41,41,4410,4075,4032,43,61594.29,56829.29,56208.57,620.72,4765.00,0.487805,0.048780,0.000000,0.924036,0.989448,0.010552,0.756098,4.756098,4.17024390,55.400591700000,"2026-07-17 00:01:35.055 -0700"
"2e7c6d912251f85e751d864389fb5aef","2026-03-01","S009",29,29,3252,2983,2975,8,35131.61,32152.08,32072.81,79.27,2979.53,0.379310,0.034483,0.000000,0.917282,0.997318,0.002682,1.379310,4.379310,4.29827586,55.773237580000,"2026-07-17 00:01:35.055 -0700"
"173176fe664d1cdf638999894b04f981","2024-01-01","S008",22,22,2557,2345,2337,8,31750.59,29080.45,28988.04,92.41,2670.14,0.500000,0.000000,0.000000,0.917090,0.996588,0.003412,1.090909,6.090909,4.31500000,55.804010000000,"2026-07-17 00:01:35.055 -0700"
"2a88d4407a9b883ee3facf65e2741c47","2024-02-01","S009",51,51,5852,5354,5312,42,58993.08,53459.87,53059.31,400.56,5533.21,0.607843,0.000000,0.000000,0.914901,0.992155,0.007845,0.764706,3.764706,4.14666667,55.155625010000,"2026-07-17 00:01:35.055 -0700"
"2b64a1757853e8dc506c2d90d7c29b60","2024-02-01","S004",35,35,3823,3501,3476,25,36741.60,33529.11,33376.73,152.38,3212.49,0.628571,0.000000,0.000000,0.915773,0.992859,0.007141,0.628571,2.628571,4.26085714,55.534076420000,"2026-07-17 00:01:35.055 -0700"
"fe400759322664eb877e543024727571","2024-04-01","S007",21,21,2385,2193,2183,10,9204.32,8543.86,8514.25,29.61,660.46,0.571429,0.047619,0.047619,0.919497,0.995440,0.004560,0.571429,4.571429,4.22523810,57.476699300000,"2026-07-17 00:01:35.055 -0700"
"bd81e1c7a6caa6ed05f1be8738e70409","2024-03-01","S008",21,21,2274,2086,2062,24,28903.52,26488.06,26150.95,337.11,2415.46,0.619048,0.000000,0.000000,0.917326,0.988495,0.011505,0.571429,5.571429,4.02809524,54.787335720000,"2026-07-17 00:01:35.055 -0700"
"3f80de38eab1b113f479e847c8120249","2024-07-01","S002",35,35,3870,3606,3584,22,54568.39,50835.47,50525.25,310.22,3732.92,0.571429,0.028571,0.028571,0.931783,0.993899,0.006101,0.742857,4.742857,4.23542857,57.021680710000,"2026-07-17 00:01:35.055 -0700"
"03cda2e99a87ce623e54c2a2f8de248a","2024-07-01","S008",17,17,1800,1697,1672,25,20734.08,19560.27,19264.37,295.90,1173.81,0.705882,0.000000,0.000000,0.942778,0.985268,0.014732,0.529412,5.529412,4.14823529,55.719515870000,"2026-07-17 00:01:35.055 -0700"
"18aaf9106f1ca20e1329ed3bcc29a6c8","2024-10-01","S001",19,19,2238,2043,2034,9,32274.75,29471.65,29345.73,125.92,2803.10,0.578947,0.000000,0.000000,0.912869,0.995595,0.004405,0.684211,3.684211,4.28526316,55.589414480000,"2026-07-17 00:01:35.055 -0700"
"a2fde48654e6ece60f700b9b4ec442db","2024-12-01","S007",20,20,2057,1933,1920,13,7975.80,7463.05,7425.56,37.49,512.75,0.400000,0.000000,0.000000,0.939718,0.993275,0.006725,0.800000,4.800000,4.18400000,55.910450000000,"2026-07-17 00:01:35.055 -0700"
"958aac71bbd984a7cc15d6530d87f7c5","2024-03-01","S009",27,27,3006,2766,2736,30,34763.75,32144.72,31850.50,294.22,2619.03,0.555556,0.037037,0.000000,0.920160,0.989154,0.010846,0.888889,3.888889,4.21629630,55.435968900000,"2026-07-17 00:01:35.055 -0700"
"ea93afd057199e77f7a7593e36cd8df6","2024-06-01","S005",12,12,1443,1295,1293,2,7529.44,6756.57,6746.27,10.30,772.87,0.333333,0.000000,0.000000,0.897436,0.998456,0.001544,1.666667,4.666667,4.24250000,55.132520000000,"2026-07-17 00:01:35.055 -0700"
"6f22be60ddea016a081cc196c1a8ea5c","2025-02-01","S008",18,18,1668,1563,1538,25,19270.59,18030.35,17759.41,270.94,1240.24,0.444444,0.055556,0.000000,0.937050,0.984005,0.015995,0.944444,5.944444,4.29333333,55.986349990000,"2026-07-17 00:01:35.055 -0700"
"5e3f8dfc6ce890732f09f9430578d191","2025-05-01","S007",26,26,2958,2713,2685,28,15373.72,14080.29,13943.38,136.91,1293.43,0.461538,0.000000,0.000000,0.917174,0.989679,0.010321,1.269231,5.269231,4.19884615,55.319468450000,"2026-07-17 00:01:35.055 -0700"
"90e46171a6e1a5b2b672f27e41063ca8","2025-06-01","S010",22,22,2225,2045,2030,15,18883.76,17473.29,17363.70,109.59,1410.47,0.590909,0.000000,0.000000,0.919101,0.992665,0.007335,0.772727,4.772727,4.19545455,55.417188650000,"2026-07-17 00:01:35.055 -0700"
"732f51a8eeee126305cbc57a1deb3abc","2025-01-01","S007",18,18,2106,1972,1963,9,9800.22,9215.59,9187.09,28.50,584.63,0.777778,0.000000,0.000000,0.936372,0.995436,0.004564,0.444444,4.444444,4.36222222,56.404686660000,"2026-07-17 00:01:35.055 -0700"
"ad0f97f9f2e5fc382737ea989d6c01a6","2025-12-01","S005",11,11,1164,1076,1073,3,6144.81,5687.66,5671.28,16.38,457.15,0.727273,0.000000,0.000000,0.924399,0.997212,0.002788,0.636364,3.636364,4.32454545,56.027851350000,"2026-07-17 00:01:35.055 -0700"
"a4101a85c525e420e0af9f8442789efb","2026-02-01","S004",25,25,3010,2777,2750,27,31461.35,28910.08,28699.96,210.12,2551.27,0.600000,0.080000,0.040000,0.922591,0.990277,0.009723,0.720000,2.720000,4.27000000,57.280315000000,"2026-07-17 00:01:35.055 -0700"
"7ff97e94211906e1199dd606ca1734d2","2026-04-01","S004",31,31,3658,3341,3296,45,38231.46,35067.46,34640.84,426.62,3164.00,0.677419,0.000000,0.000000,0.913341,0.986531,0.013469,0.483871,2.483871,4.15387097,55.025757910000,"2026-07-17 00:01:35.055 -0700"
"25be2779dd4497f430beb38c72f20653","2024-11-01","S010",31,31,3780,3424,3395,29,29884.92,26792.99,26520.77,272.22,3091.93,0.483871,0.032258,0.000000,0.905820,0.991530,0.008470,1.193548,5.193548,4.24806452,55.220293560000,"2026-07-17 00:01:35.055 -0700"
"7c5bbc633cab060984f491482aa6599a","2025-05-01","S001",24,24,2754,2534,2527,7,38489.68,35419.28,35324.58,94.70,3070.40,0.541667,0.000000,0.000000,0.920116,0.997238,0.002762,1.041667,4.041667,4.21375000,55.588910000000,"2026-07-17 00:01:35.055 -0700"
"1bdb34f700bf28bdafb0e72fb2e2b945","2025-09-01","S004",35,35,3941,3658,3610,48,40144.56,37525.59,37118.13,407.46,2618.97,0.571429,0.000000,0.000000,0.928191,0.986878,0.013122,0.771429,2.771429,4.22171429,55.607477870000,"2026-07-17 00:01:35.055 -0700"
"31e750eea944baa1b4ea362c6ba14ab4","2026-01-01","S002",41,41,4447,4127,4092,35,66989.18,62192.92,61656.96,535.96,4796.26,0.560976,0.000000,0.000000,0.928041,0.991519,0.008481,0.707317,4.707317,4.15780488,55.504819640000,"2026-07-17 00:01:35.055 -0700"
"36d00c999615107e45dc3069fae03a23","2026-06-01","S009",53,53,5795,5363,5316,47,65945.75,60766.70,60204.55,562.15,5179.05,0.528302,0.018868,0.018868,0.925453,0.991236,0.008764,0.698113,3.698113,4.24377358,56.447085740000,"2026-07-17 00:01:35.055 -0700"
"2d7162fcf9a79839e0390f6628a7411a","2024-01-01","S010",22,22,2250,2049,2032,17,18544.88,16828.49,16670.22,158.27,1716.39,0.545455,0.000000,0.000000,0.910667,0.991703,0.008297,0.909091,4.909091,4.13545455,55.007098650000,"2026-07-17 00:01:35.055 -0700"
"3e3c0223695429add60ac8522d681f65","2025-10-01","S008",12,12,1236,1140,1134,6,13576.72,12476.61,12402.80,73.81,1100.11,0.750000,0.000000,0.000000,0.922330,0.994737,0.005263,0.333333,5.333333,4.40833333,56.177989990000,"2026-07-17 00:01:35.055 -0700"
"8f6c9ea878b45170052dd1fa5395b751","2025-12-01","S001",10,10,1089,1010,1003,7,15678.76,14555.34,14455.94,99.40,1123.42,0.600000,0.000000,0.000000,0.927456,0.993069,0.006931,0.900000,3.900000,4.11700000,55.398780000000,"2026-07-17 00:01:35.055 -0700"
"14f6a6bf3e7b68c3ba26c167daa3cfde","2024-03-01","S002",37,37,4095,3744,3713,31,61333.11,56138.01,55629.25,508.76,5195.10,0.513514,0.000000,0.000000,0.914286,0.991720,0.008280,0.756757,4.756757,4.18675676,55.251820280000,"2026-07-17 00:01:35.055 -0700"
"9df332cc5a59541991a2dd1afb387f34","2024-05-01","S009",32,32,3771,3469,3458,11,41878.30,38680.01,38539.32,140.69,3198.29,0.531250,0.031250,0.031250,0.919915,0.996829,0.003171,0.625000,3.625000,4.14000000,56.604455000000,"2026-07-17 00:01:35.055 -0700"
"c3c101501c5c54a59957d4c62e8a9b52","2024-05-01","S001",27,27,2876,2628,2616,12,39891.70,36452.37,36287.27,165.10,3439.33,0.629630,0.037037,0.037037,0.913769,0.995434,0.004566,0.481481,3.481481,4.30296296,57.143273880000,"2026-07-17 00:01:35.055 -0700"
"3319ea1dbc098fe653e6aa94feb9ac49","2024-05-01","S008",23,23,2545,2333,2312,21,29664.55,27125.90,26896.31,229.59,2538.65,0.608696,0.000000,0.000000,0.916699,0.990999,0.009001,0.695652,5.695652,4.24478261,55.471802830000,"2026-07-17 00:01:35.055 -0700"
"1c4bf4ba55e38b5409b79202e74dff4b","2024-10-01","S009",39,39,4487,4076,4043,33,41753.76,37853.33,37488.81,364.52,3900.43,0.769231,0.000000,0.000000,0.908402,0.991904,0.008096,0.487179,3.487179,4.18666667,55.108130010000,"2026-07-17 00:01:35.055 -0700"
"98e20b3d9ce3b18ee7f5cfe263943378","2025-06-01","S002",28,28,2941,2687,2662,25,43323.40,39600.61,39206.97,393.64,3722.79,0.607143,0.000000,0.000000,0.913635,0.990696,0.009304,0.678571,4.678571,4.27535714,55.480866420000,"2026-07-17 00:01:35.055 -0700"
"aa2e659b81888a3cf498a97d42b5fa60","2025-11-01","S009",30,30,3800,3489,3466,23,40670.48,37281.34,37054.78,226.56,3389.14,0.500000,0.000000,0.000000,0.918158,0.993408,0.006592,0.866667,3.866667,4.33933333,55.840109990000,"2026-07-17 00:01:35.055 -0700"
"e3d46207283f6e7de9ddb27f8d2387d1","2024-02-01","S005",10,10,1037,958,954,4,5586.51,5162.66,5141.48,21.18,423.85,0.600000,0.000000,0.000000,0.923819,0.995825,0.004175,1.000000,4.000000,4.15900000,55.488975000000,"2026-07-17 00:01:35.055 -0700"
"f943e2875b8947dfd2b6b3671f96c43f","2024-09-01","S002",25,25,2898,2698,2679,19,40082.89,37289.37,37007.10,282.27,2793.52,0.360000,0.000000,0.000000,0.930987,0.992958,0.007042,1.320000,5.320000,4.22440000,55.807035000000,"2026-07-17 00:01:35.055 -0700"
"bc4e7c80c1b064303e3146279342e2ea","2024-09-01","S001",17,17,1640,1474,1459,15,22941.58,20621.42,20406.80,214.62,2320.16,0.529412,0.058824,0.058824,0.898780,0.989824,0.010176,0.647059,3.647059,4.01235294,56.655998820000,"2026-07-17 00:01:35.055 -0700"
"1e14ec9a4bc2d28284f4c8b8ef106342","2025-01-01","S010",21,21,2299,2088,2040,48,17820.61,16189.17,15815.13,374.04,1631.44,0.571429,0.000000,0.000000,0.908221,0.977011,0.022989,0.857143,4.857143,4.19523810,54.831459300000,"2026-07-17 00:01:35.055 -0700"
"58e4445811948152005a76720e12f7c8","2025-02-01","S005",9,9,1012,968,961,7,5430.96,5197.70,5160.09,37.61,233.26,0.666667,0.111111,0.111111,0.956522,0.992769,0.007231,0.888889,3.888889,4.28333333,61.062869990000,"2026-07-17 00:01:35.055 -0700"
"836f3d23eb5321742ecd8e1021135f7b","2025-04-01","S002",29,29,3198,2879,2846,33,47651.00,43073.12,42551.33,521.79,4577.88,0.620690,0.000000,0.000000,0.900250,0.988538,0.011462,0.965517,4.965517,4.19862069,54.872872070000,"2026-07-17 00:01:35.055 -0700"
"79cb67bfa6c3295c3b067b8338a4e286","2025-05-01","S002",29,29,3213,2951,2925,26,43590.01,40191.78,39817.45,374.33,3398.23,0.517241,0.000000,0.000000,0.918456,0.991189,0.008811,0.758621,4.758621,4.13275862,55.183455860000,"2026-07-17 00:01:35.055 -0700"
"d6b4fc752cf18e8faa177e75cabf7b4a","2025-09-01","S005",19,19,1960,1779,1759,20,10566.83,9589.97,9482.95,107.02,976.86,0.631579,0.000000,0.000000,0.907653,0.988758,0.011242,0.789474,3.789474,4.01736842,54.518590260000,"2026-07-17 00:01:35.055 -0700"
"1fe091e28f22bfb8f1d5d7745fe0164c","2025-08-01","S005",7,7,946,868,860,8,5040.93,4625.40,4583.46,41.94,415.53,0.857143,0.000000,0.000000,0.917548,0.990783,0.009217,0.285714,3.285714,3.92571429,54.531502870000,"2026-07-17 00:01:35.055 -0700"
"01b9c56b2c3528da1fff2a3f0e64a23e","2025-12-01","S007",22,22,2460,2326,2317,9,8682.43,8182.47,8163.54,18.93,499.96,0.590909,0.000000,0.000000,0.945528,0.996131,0.003869,0.636364,4.636364,4.19227273,56.137638190000,"2026-07-17 00:01:35.055 -0700"
"d34c4c857746fe40cd8fc58caa836631","2026-03-01","S001",17,17,1489,1364,1346,18,20636.23,18894.52,18648.34,246.18,1741.71,0.705882,0.000000,0.000000,0.916051,0.986804,0.013196,0.470588,3.470588,4.10294118,54.946178540000,"2026-07-17 00:01:35.055 -0700"
"b64bdbf0da74285715c5caf21bcd5025","2026-05-01","S008",22,22,2561,2357,2346,11,30519.43,28106.11,27997.62,108.49,2413.32,0.545455,0.000000,0.000000,0.920344,0.995333,0.004667,1.090909,6.090909,4.29909091,55.812532730000,"2026-07-17 00:01:35.055 -0700"
"4fc1ddca4850d861425fe8196efb5427","2024-10-01","S010",20,20,2311,2114,2107,7,17961.35,16416.80,16347.66,69.14,1544.55,0.550000,0.000000,0.000000,0.914756,0.996689,0.003311,0.600000,4.600000,4.25550000,55.569180000000,"2026-07-17 00:01:35.055 -0700"
"c6d4f668b95bf44f924fd31e946680a0","2025-04-01","S008",24,24,2945,2672,2653,19,36398.69,33037.98,32835.99,201.99,3360.71,0.708333,0.000000,0.000000,0.907301,0.992889,0.007111,0.500000,5.500000,4.27708333,55.371554990000,"2026-07-17 00:01:35.055 -0700"
"38c6f71afbd9a6860b8658f9debe0406","2025-09-01","S007",25,25,2936,2693,2676,17,12383.34,11400.92,11302.96,97.96,982.42,0.600000,0.040000,0.040000,0.917234,0.993687,0.006313,0.800000,4.800000,4.29400000,57.286590000000,"2026-07-17 00:01:35.055 -0700"
"26b49224d46917e6d833476c564d931f","2026-01-01","S007",22,22,2447,2272,2262,10,11927.17,11062.14,10995.69,66.45,865.03,0.545455,0.045455,0.000000,0.928484,0.995599,0.004401,0.500000,4.500000,4.16409091,55.616352730000,"2026-07-17 00:01:35.055 -0700"
"e17f22bdd9c457e37b670c02550a66ca","2026-02-01","S001",25,25,2810,2650,2632,18,39859.48,37572.84,37318.27,254.57,2286.64,0.680000,0.040000,0.040000,0.943060,0.993208,0.006792,0.440000,3.440000,4.20640000,57.659860000000,"2026-07-17 00:01:35.055 -0700"
"997904a009184544a9fe4f0c30412a12","2026-04-01","S009",56,56,6221,5727,5692,35,68635.61,63444.67,63068.67,376.00,5190.94,0.642857,0.053571,0.053571,0.920592,0.993889,0.006111,0.678571,3.678571,4.16464286,57.529348580000,"2026-07-17 00:01:35.055 -0700"
"6e837d6394f7fae098213dab55a861dc","2026-04-01","S002",28,28,3076,2861,2844,17,42858.23,39973.73,39744.01,229.72,2884.50,0.500000,0.000000,0.000000,0.930104,0.994058,0.005942,1.000000,5.000000,4.12714286,55.515188580000,"2026-07-17 00:01:35.055 -0700"
"1e9006902a932087c1384c8c4a7f2f2e","2026-04-01","S010",20,20,2265,2122,2101,21,18173.00,16909.78,16749.44,160.34,1263.22,0.850000,0.000000,0.000000,0.936865,0.990104,0.009896,0.250000,4.250000,4.12350000,55.594205000000,"2026-07-17 00:01:35.055 -0700"
"6a4c944346e1500573a0341180670838","2026-06-01","S005",12,12,1473,1344,1337,7,7858.55,7169.84,7132.87,36.97,688.71,0.833333,0.000000,0.000000,0.912424,0.994792,0.005208,0.250000,3.250000,4.12083333,55.068939990000,"2026-07-17 00:01:35.055 -0700"
"619115fc44933ac89113b1232ad2b6e1","2024-06-01","S001",18,18,1811,1678,1676,2,25498.79,23624.52,23595.34,29.18,1874.27,0.611111,0.055556,0.000000,0.926560,0.998808,0.001192,0.611111,3.611111,4.26111111,55.923493330000,"2026-07-17 00:01:35.055 -0700"
"16010ecf855e1ed32be03ed50c1e8f0d","2024-10-01","S008",14,14,1565,1425,1413,12,18882.65,17193.83,17061.13,132.70,1688.82,0.571429,0.071429,0.000000,0.910543,0.991579,0.008421,1.142857,6.142857,4.27000000,55.405155000000,"2026-07-17 00:01:35.055 -0700"
"3714059f421a9db6f00b67d40dc7f0cf","2024-07-01","S005",7,7,869,774,771,3,4546.29,4046.41,4030.89,15.52,499.88,0.714286,0.000000,0.000000,0.890679,0.996124,0.003876,0.142857,3.142857,4.30142857,55.093740710000,"2026-07-17 00:01:35.055 -0700"
"df8e1716feecf828a48224adcc8aafa6","2024-01-01","S009",33,33,3288,2990,2949,41,35616.05,32187.55,31782.18,405.37,3428.50,0.666667,0.000000,0.000000,0.909367,0.986288,0.013712,0.545455,3.545455,4.13242424,54.857207720000,"2026-07-17 00:01:35.055 -0700"
"3ada38e9dbfd26e48b15e2e3bcd5fb70","2024-11-01","S007",23,23,2779,2569,2558,11,13427.03,12492.86,12442.00,50.86,934.17,0.869565,0.086957,0.043478,0.924433,0.995718,0.004282,0.304348,4.304348,4.20391304,57.376044120000,"2026-07-17 00:01:35.055 -0700"
"b4cc5093ff817e6b0f0c0bb3e7e6b37e","2025-02-01","S009",42,42,4726,4359,4330,29,52181.07,48056.53,47784.13,272.40,4124.54,0.619048,0.023810,0.023810,0.922344,0.993347,0.006653,0.785714,3.785714,4.20190476,56.483654280000,"2026-07-17 00:01:35.055 -0700"
"ad3a79c4f48d908aafd1255d9dba8387","2024-04-01","S002",19,19,2010,1845,1841,4,24924.98,22847.33,22787.45,59.88,2077.65,0.631579,0.105263,0.105263,0.917910,0.997832,0.002168,0.631579,4.631579,4.17157895,59.629646850000,"2026-07-17 00:01:35.055 -0700"
"3d91f746089f43329c930a9ceedd3e6d","2024-07-01","S010",21,21,2258,2039,2020,19,19130.19,17334.11,17200.14,133.97,1796.08,0.619048,0.047619,0.047619,0.903012,0.990682,0.009318,0.571429,4.571429,4.11428571,56.636557130000,"2026-07-17 00:01:35.055 -0700"
"dc7ab7a78267bf46a2acf09196c607f2","2024-08-01","S008",17,17,1985,1853,1847,6,24447.13,22876.98,22818.82,58.16,1570.15,0.647059,0.058824,0.058824,0.933501,0.996762,0.003238,0.588235,5.588235,4.17352941,58.146313230000,"2026-07-17 00:01:35.055 -0700"
"0f0d53bad6c0f93c74b175a8b1344288","2024-10-01","S002",24,24,2551,2330,2317,13,36806.46,33695.04,33489.28,205.76,3111.42,0.625000,0.000000,0.000000,0.913367,0.994421,0.005579,0.500000,4.500000,4.17000000,55.232595000000,"2026-07-17 00:01:35.055 -0700"
"2450da721e382f455269557c8147580b","2024-10-01","S007",23,23,2509,2325,2299,26,10782.56,9976.34,9848.34,128.00,806.22,0.608696,0.000000,0.000000,0.926664,0.988817,0.011183,0.565217,4.565217,4.18869565,55.509026950000,"2026-07-17 00:01:35.055 -0700"
"ceb568518dd5573a8243c057d39ed4b1","2025-03-01","S004",35,35,3502,3186,3159,27,37601.89,34339.77,34089.13,250.64,3262.12,0.628571,0.028571,0.000000,0.909766,0.991525,0.008475,0.628571,2.628571,4.19914286,55.172078580000,"2026-07-17 00:01:35.055 -0700"
"f9abdf017ef8c5e6c56be4e11148a05f","2025-04-01","S004",30,30,2919,2716,2695,21,26831.45,25169.74,25022.65,147.09,1661.71,0.666667,0.066667,0.033333,0.930456,0.992268,0.007732,0.366667,2.366667,4.19700000,57.031080000000,"2026-07-17 00:01:35.055 -0700"
"25ae0134fe7041efab32315ec65267e7","2025-04-01","S007",23,23,2478,2310,2284,26,11125.16,10425.86,10272.50,153.36,699.30,0.695652,0.000000,0.000000,0.932203,0.988745,0.011255,0.869565,4.869565,4.19652174,55.669540220000,"2026-07-17 00:01:35.055 -0700"
"41aead148f797b5a31edb33247df68a7","2025-09-01","S010",21,21,2088,1955,1944,11,15737.52,14796.32,14696.44,99.88,941.20,0.619048,0.095238,0.047619,0.936303,0.994373,0.005627,0.857143,4.857143,4.20285714,57.808366420000,"2026-07-17 00:01:35.055 -0700"
"237f92b5d4855ea241e79387379d488c","2025-11-01","S008",25,25,2766,2529,2510,19,32552.62,29774.11,29560.66,213.45,2778.51,0.600000,0.000000,0.000000,0.914317,0.992487,0.007513,0.480000,5.480000,4.23760000,55.420465000000,"2026-07-17 00:01:35.055 -0700"
"0cf366f2a4c84e487b54c92e3a2cf0c1","2024-12-01","S002",18,18,2087,1971,1950,21,27458.71,25846.17,25529.08,317.09,1612.54,0.611111,0.055556,0.000000,0.944418,0.989346,0.010654,0.722222,4.722222,4.25500000,56.162370000000,"2026-07-17 00:01:35.055 -0700"
"d287dc06d159cf222dd080b421e6e89d","2025-06-01","S009",42,42,4868,4459,4432,27,59725.25,54792.65,54433.61,359.04,4932.60,0.666667,0.023810,0.000000,0.915982,0.993945,0.006055,0.642857,3.642857,4.17809524,55.312735720000,"2026-07-17 00:01:35.055 -0700"
"a2b08b1308f44caba8711f889c44632c","2025-07-01","S007",19,19,2149,1981,1966,15,10328.95,9565.84,9488.08,77.76,763.11,0.526316,0.000000,0.000000,0.921824,0.992428,0.007572,0.947368,4.947368,4.32736842,55.876265260000,"2026-07-17 00:01:35.055 -0700"
"8bdbf858518a99b6f7e26871d3ef0eda","2025-09-01","S008",21,21,2571,2381,2367,14,31477.24,29173.79,28992.68,181.11,2303.45,0.571429,0.000000,0.000000,0.926099,0.994120,0.005880,0.666667,5.666667,4.30714286,55.956303580000,"2026-07-17 00:01:35.055 -0700"
"7b32e156d307e8c76efe4d2f26bcb038","2025-11-01","S001",19,19,2208,2021,2005,16,30870.21,28236.03,28012.36,223.67,2634.18,0.526316,0.052632,0.000000,0.915308,0.992083,0.007917,0.947368,3.947368,4.15842105,55.199623150000,"2026-07-17 00:01:35.055 -0700"
"326f75156aac79ccaa1aef10929bbddf","2026-01-01","S008",25,25,2799,2521,2505,16,34724.88,31369.07,31188.08,180.99,3355.81,0.640000,0.000000,0.000000,0.900679,0.993653,0.006347,0.800000,5.800000,4.26480000,55.184435000000,"2026-07-17 00:01:35.055 -0700"
"aa8aec80649a59908941d20165f97e97","2026-03-01","S008",21,21,2096,1928,1908,20,24574.35,22591.02,22374.79,216.23,1983.33,0.523810,0.047619,0.000000,0.919847,0.989627,0.010373,0.619048,5.619048,4.29285714,55.667286420000,"2026-07-17 00:01:35.055 -0700"
"a3803ac46ff83ceb469f5b48aa0be1b6","2026-03-01","S004",27,27,3131,2859,2847,12,29757.12,27280.77,27144.18,136.59,2476.35,0.592593,0.000000,0.000000,0.913127,0.995803,0.004197,0.629630,2.629630,4.23777778,55.457568340000,"2026-07-17 00:01:35.055 -0700"
"8e0b69a72df28b6a32cc5080e7900f6b","2026-03-01","S010",15,15,1797,1648,1644,4,15694.55,14375.07,14332.80,42.27,1319.48,0.733333,0.066667,0.066667,0.917084,0.997573,0.002427,0.666667,4.666667,4.10600000,57.863240000000,"2026-07-17 00:01:35.055 -0700"
"8c949fb5655ba0befe00379aee5750b4","2026-06-01","S008",17,17,1683,1549,1529,20,20736.97,19025.75,18763.74,262.01,1711.22,0.588235,0.000000,0.000000,0.920380,0.987088,0.012912,0.588235,5.588235,4.00058824,54.753024720000,"2026-07-17 00:01:35.055 -0700"
"39c72afb9d2bf1a8497d81db3f77b2f6","2024-03-01","S010",15,15,1495,1369,1359,10,10766.68,9802.51,9695.29,107.22,964.17,0.533333,0.000000,0.000000,0.915719,0.992695,0.007305,0.800000,4.800000,4.01000000,54.776875000000,"2026-07-17 00:01:35.055 -0700"
"e55ae03d1aa83c22d256657f1dcc5bb5","2024-08-01","S007",18,18,2145,1950,1933,17,8432.83,7677.44,7628.21,49.23,755.39,0.500000,0.000000,0.000000,0.909091,0.991282,0.008718,0.500000,4.500000,4.03611111,54.661248330000,"2026-07-17 00:01:35.055 -0700"
"520f65fa497c8a98e83a370a9507dde8","2025-10-01","S005",8,8,816,743,736,7,4305.97,3919.40,3882.77,36.63,386.57,0.375000,0.000000,0.000000,0.910539,0.990579,0.009421,1.125000,4.125000,4.10000000,54.875055000000,"2026-07-17 00:01:35.055 -0700"
"76d717683891b292bf623f760512b9ec","2024-01-01","S004",32,32,3484,3225,3195,30,42165.72,38957.54,38651.84,305.70,3208.18,0.625000,0.031250,0.000000,0.925660,0.990698,0.009302,0.656250,2.656250,4.26375000,55.746710000000,"2026-07-17 00:01:35.055 -0700"
"ae3583774f1482f701cebfc1f0dc4cda","2024-08-01","S010",22,22,2571,2355,2350,5,17850.24,16423.22,16397.46,25.76,1427.02,0.590909,0.000000,0.000000,0.915986,0.997877,0.002123,0.681818,4.681818,4.28681818,55.717644540000,"2026-07-17 00:01:35.055 -0700"
"68c96b40ce14365f119c420829fdf1bc","2024-11-01","S002",33,33,3567,3309,3267,42,51409.42,47526.40,46868.74,657.66,3883.02,0.636364,0.000000,0.000000,0.927670,0.987307,0.012693,0.545455,4.545455,4.03818182,55.052435460000,"2026-07-17 00:01:35.055 -0700"
"4a820b9df01029fd8626a54d665ab9a7","2024-11-01","S004",24,24,2591,2406,2390,16,23850.28,22129.90,21930.33,199.57,1720.38,0.625000,0.125000,0.083333,0.928599,0.993350,0.006650,0.708333,2.708333,4.14833333,58.860294990000,"2026-07-17 00:01:35.055 -0700"
"877fd73de178350492393c49e53da426","2025-11-01","S010",18,18,1560,1468,1457,11,12595.38,11831.99,11763.54,68.45,763.39,0.611111,0.055556,0.000000,0.941026,0.992507,0.007493,0.833333,4.833333,4.16833333,55.880789990000,"2026-07-17 00:01:35.055 -0700"
"615e154b949de13a9ab42594a40c4ee6","2024-02-01","S008",17,17,1645,1490,1476,14,19699.68,17844.10,17685.42,158.68,1855.58,0.411765,0.000000,0.000000,0.905775,0.990604,0.009396,1.588235,6.588235,4.25470588,55.220572640000,"2026-07-17 00:01:35.055 -0700"
"02d69c70f6a33ac45cd021eede20adc9","2024-08-01","S002",36,36,3777,3497,3456,41,55254.28,51226.52,50632.87,593.65,4027.76,0.638889,0.000000,0.000000,0.925867,0.988276,0.011724,0.805556,4.805556,4.20722222,55.533861660000,"2026-07-17 00:01:35.055 -0700"
"5452ee72db1cadc76f5931c37cf58408","2024-09-01","S009",29,29,2971,2725,2691,34,35324.43,32329.97,31875.82,454.15,2994.46,0.586207,0.000000,0.000000,0.917200,0.987523,0.012477,0.655172,3.655172,4.05517241,54.845977230000,"2026-07-17 00:01:35.055 -0700"
"e203e5aebe6758fa28ec6445f7b79fdc","2024-12-01","S010",19,19,2087,1894,1873,21,17712.13,16027.87,15813.52,214.35,1684.26,0.473684,0.000000,0.000000,0.907523,0.988912,0.011088,1.000000,5.000000,4.15894737,54.943157110000,"2026-07-17 00:01:35.055 -0700"
"7036188e13f6a90a25bb3b524dfd852f","2024-12-01","S009",42,42,4951,4606,4571,35,57911.39,54020.19,53553.26,466.93,3891.20,0.547619,0.000000,0.000000,0.930317,0.992401,0.007599,0.619048,3.619048,4.12666667,55.485945010000,"2026-07-17 00:01:35.055 -0700"
"a758abb78bd3c770f4b4222ee2080ed1","2025-01-01","S008",25,25,2428,2246,2210,36,30836.15,28484.29,28001.70,482.59,2351.86,0.720000,0.080000,0.040000,0.925041,0.983972,0.016028,0.680000,5.680000,4.20200000,57.011465000000,"2026-07-17 00:01:35.055 -0700"
"ba7d0daf7d3bbce73e03aaa281e8530c","2025-01-01","S001",23,23,2909,2703,2692,11,41200.52,38256.70,38105.14,151.56,2943.82,0.695652,0.043478,0.000000,0.929185,0.995930,0.004070,0.695652,3.695652,4.30478261,56.062572830000,"2026-07-17 00:01:35.055 -0700"
"250c9cff08e68b3bb9805586fa2c37d7","2025-04-01","S005",11,11,1205,1114,1104,10,6487.27,6001.43,5948.12,53.31,485.84,0.363636,0.000000,0.000000,0.924481,0.991023,0.008977,1.090909,4.090909,4.35454545,55.996121350000,"2026-07-17 00:01:35.055 -0700"
"c32d719ebcba988e2a6c8c23ace4002f","2025-05-01","S009",43,43,4591,4213,4161,52,58063.35,53374.14,52678.40,695.74,4689.21,0.558140,0.000000,0.000000,0.917665,0.987657,0.012343,0.767442,3.767442,4.31651163,55.644299890000,"2026-07-17 00:01:35.055 -0700"
"ebb4f84f71f3e76280eca726f6ac8523","2025-06-01","S007",21,21,2435,2264,2257,7,9730.26,9060.00,9027.88,32.12,670.26,0.523810,0.047619,0.047619,0.929774,0.996908,0.003092,0.952381,4.952381,4.17761905,57.620127150000,"2026-07-17 00:01:35.055 -0700"
"200276385e942af6c0c8e11a122c3952","2025-06-01","S004",23,23,2614,2410,2401,9,28005.06,25981.76,25918.23,63.53,2023.30,0.608696,0.130435,0.086957,0.921959,0.996266,0.003734,0.869565,2.869565,4.36869565,59.558661950000,"2026-07-17 00:01:35.055 -0700"
"7ac6ff122f2fe0787dbffdf485d0b14c","2025-10-01","S002",18,18,2039,1832,1805,27,30475.07,27359.99,26948.31,411.68,3115.08,0.666667,0.000000,0.000000,0.898480,0.985262,0.014738,0.611111,4.611111,4.12888889,54.553906670000,"2026-07-17 00:01:35.055 -0700"
"575e6d5c2be79fafe00b4a6d7ea34ac8","2025-06-01","S001",24,24,2569,2352,2346,6,36685.67,33590.62,33507.02,83.60,3095.05,0.541667,0.000000,0.000000,0.915531,0.997449,0.002551,0.958333,3.958333,4.30000000,55.737255000000,"2026-07-17 00:01:35.055 -0700"
"7738b59a8bff45c39a8ab7b38df16790","2025-10-01","S001",29,29,3248,2950,2938,12,45611.68,41435.59,41270.48,165.11,4176.09,0.689655,0.034483,0.000000,0.908251,0.995932,0.004068,0.620690,3.620690,4.36068966,55.706983980000,"2026-07-17 00:01:35.055 -0700"
"570fba59ffd7e62a796d55dc51edc3ee","2025-11-01","S005",9,9,847,794,790,4,4504.49,4224.68,4204.50,20.18,279.81,0.222222,0.111111,0.111111,0.937426,0.994962,0.005038,1.555556,4.555556,4.22000000,60.439330000000,"2026-07-17 00:01:35.055 -0700"
"1d79b0cf274467a004f8c59c55ad1905","2025-12-01","S004",46,46,5009,4576,4560,16,46826.62,42752.12,42663.88,88.24,4074.50,0.695652,0.000000,0.000000,0.913556,0.996503,0.003497,0.826087,2.826087,4.27891304,55.605699120000,"2026-07-17 00:01:35.055 -0700"
"239ab81cf5e4fad31500b5134da9af39","2026-01-01","S004",35,35,4343,4016,3980,36,42112.29,38596.89,38333.72,263.17,3515.40,0.514286,0.000000,0.000000,0.924706,0.991036,0.008964,0.914286,2.914286,4.14514286,55.373798580000,"2026-07-17 00:01:35.055 -0700"
"9f00a37d6094f8db0d5a643ce70f042a","2026-02-01","S009",36,36,3654,3388,3355,33,41354.06,38610.64,38230.81,379.83,2743.42,0.611111,0.111111,0.055556,0.927203,0.990260,0.009740,0.611111,3.611111,4.20361111,57.818348330000,"2026-07-17 00:01:35.055 -0700"
"2b0304def8c59209514ce44fa26c0aeb","2026-04-01","S001",23,23,2300,2097,2083,14,32896.22,30007.58,29807.41,200.17,2888.64,0.739130,0.000000,0.000000,0.911739,0.993324,0.006676,0.391304,3.391304,4.27521739,55.485607170000,"2026-07-17 00:01:35.055 -0700"
"1d3b67ac2d5d7482e6f271a7bdfcb89b","2026-04-01","S005",6,6,667,621,616,5,3571.27,3327.25,3301.54,25.71,244.02,0.833333,0.000000,0.000000,0.931034,0.991948,0.008052,0.333333,3.333333,4.33500000,56.119810000000,"2026-07-17 00:01:35.055 -0700"
"6433eff90f6416a4e9324b6af27438b8","2026-05-01","S004",39,39,3867,3555,3533,22,37475.65,34314.81,34167.63,147.18,3160.84,0.564103,0.051282,0.025641,0.919317,0.993812,0.006188,0.974359,2.974359,4.13102564,56.277881920000,"2026-07-17 00:01:35.055 -0700"
"55286c1746edfae97d461d64afc529e4","2026-01-01","S001",34,34,4150,3849,3832,17,58513.59,54237.81,53999.03,238.78,4275.78,0.558824,0.000000,0.000000,0.927470,0.995583,0.004417,0.735294,3.735294,4.17323529,55.618115870000,"2026-07-17 00:01:35.055 -0700"
"2fa0577643f5971b465c922a9ffcccf8","2025-05-01","S008",14,14,1564,1380,1375,5,18736.98,16586.88,16523.81,63.07,2150.10,0.571429,0.000000,0.000000,0.882353,0.996377,0.003623,0.785714,5.785714,4.13214286,54.382793580000,"2026-07-17 00:01:35.055 -0700"
"313ddc0c1d8426405e8ea6e224964018","2026-06-01","S007",18,18,1939,1794,1789,5,7872.74,7211.46,7187.80,23.66,661.28,0.500000,0.055556,0.000000,0.925219,0.997213,0.002787,1.666667,5.666667,4.32833333,56.059734990000,"2026-07-17 00:01:35.055 -0700"
"12b96aaf6897b5eeb24997699f227463","2026-05-01","S005",8,8,823,762,759,3,4377.54,4051.51,4035.56,15.95,326.03,0.625000,0.000000,0.000000,0.925881,0.996063,0.003937,0.375000,3.375000,4.15875000,55.544535000000,"2026-07-17 00:01:35.055 -0700"
"ba11160920981602f8b1c3a6ecc21503","2024-02-01","S007",15,15,1788,1640,1631,9,5356.19,4877.56,4831.62,45.94,478.63,0.866667,0.000000,0.000000,0.917226,0.994512,0.005488,-0.066667,3.933333,4.32533333,55.796889990000,"2026-07-17 00:01:35.055 -0700"
"6f322b3dad6c4486e5f082bfd20b10ce","2024-03-01","S001",23,23,2713,2474,2462,12,37797.66,34484.58,34317.53,167.05,3313.08,0.739130,0.086957,0.086957,0.911906,0.995150,0.004850,0.739130,3.739130,4.30739130,59.101103900000,"2026-07-17 00:01:35.055 -0700"
"e950e445da7dfff49cf498da36fef216","2024-05-01","S010",17,17,1875,1752,1743,9,15233.65,14252.50,14203.81,48.69,981.15,0.764706,0.058824,0.058824,0.934400,0.994863,0.005137,0.294118,4.294118,4.18705882,58.171396460000,"2026-07-17 00:01:35.055 -0700"
"8fa6759c87c8e3640ce16dcbc973a9a7","2024-07-01","S004",25,25,2528,2290,2255,35,19476.54,17912.03,17572.92,339.11,1564.51,0.720000,0.040000,0.000000,0.905854,0.984716,0.015284,0.680000,2.680000,4.12840000,54.725870000000,"2026-07-17 00:01:35.055 -0700"
"719ff0a5f5c40ceaa9b2be8f574646f8","2024-09-01","S010",16,16,1894,1779,1755,24,14570.12,13787.49,13577.29,210.20,782.63,0.750000,0.000000,0.000000,0.939282,0.986509,0.013491,0.437500,4.437500,3.90500000,54.927230000000,"2026-07-17 00:01:35.055 -0700"
"d6c3ac85966b2155584d20c6ef980da8","2025-03-01","S002",33,33,3621,3325,3301,24,50138.77,45863.31,45549.59,313.72,4275.46,0.545455,0.030303,0.030303,0.918255,0.992782,0.007218,0.787879,4.787879,4.03545455,56.130498650000,"2026-07-17 00:01:35.055 -0700"
"76c2af661ac623c65bed5c9bbf0172e9","2025-08-01","S004",24,24,2643,2461,2436,25,30028.07,27864.89,27650.80,214.09,2163.18,0.583333,0.000000,0.000000,0.931139,0.989842,0.010158,0.625000,2.625000,4.32916667,56.062815010000,"2026-07-17 00:01:35.055 -0700"
"b34facfc6828f8b96e9d5d5654581219","2026-03-01","S002",28,28,2975,2699,2689,10,42132.03,38232.63,38084.07,148.56,3899.40,0.500000,0.000000,0.000000,0.907227,0.996295,0.003705,0.928571,4.928571,4.14714286,55.048003580000,"2026-07-17 00:01:35.055 -0700"
"b9ac7fe28cdaddab277c533daab93886","2025-01-01","S009",51,51,5570,5162,5119,43,61693.75,57261.86,56672.72,589.14,4431.89,0.588235,0.078431,0.000000,0.926750,0.991670,0.008330,0.627451,3.627451,4.26960784,55.810973520000,"2026-07-17 00:01:35.055 -0700"
"b36904850f82e5c668acd69b8134a828","2025-02-01","S002",24,24,2697,2416,2397,19,38282.69,34282.29,34005.95,276.34,4000.40,0.500000,0.000000,0.000000,0.895810,0.992136,0.007864,0.625000,4.625000,4.19333333,54.817969990000,"2026-07-17 00:01:35.055 -0700"
"04e7862ada2035b3a8700677a63227f3","2025-07-01","S002",26,26,2771,2479,2466,13,39378.58,35342.28,35135.99,206.29,4036.30,0.692308,0.038462,0.038462,0.894623,0.994756,0.005244,0.423077,4.423077,4.15846154,56.274559620000,"2026-07-17 00:01:35.055 -0700"
"8f0fe96983b75a3f7ae3b0581a89a9be","2025-07-01","S005",4,4,452,418,418,0,2427.88,2242.94,2242.94,0.00,184.94,0.750000,0.000000,0.000000,0.924779,1.000000,0.000000,0.250000,3.250000,4.74500000,57.354475000000,"2026-07-17 00:01:35.055 -0700"
"7e5eaa45bb59121257327f84f38fa82f","2025-05-01","S005",10,10,1197,1107,1098,9,6200.02,5732.31,5686.27,46.04,467.71,0.400000,0.000000,0.000000,0.924812,0.991870,0.008130,1.300000,4.300000,4.05000000,55.107700000000,"2026-07-17 00:01:35.055 -0700"
"aa2b927e1b4b36be19134b2f256f79f9","2025-10-01","S007",20,20,2232,2075,2060,15,8353.13,7756.64,7705.86,50.78,596.49,0.550000,0.000000,0.000000,0.929659,0.992771,0.007229,0.950000,4.950000,4.19650000,55.686395000000,"2026-07-17 00:01:35.055 -0700"
"5ccaeddd1575c31fb55e36f1c2f72bb6","2025-12-01","S008",12,12,1306,1192,1173,19,15566.16,14213.33,14002.01,211.32,1352.83,0.333333,0.000000,0.000000,0.912711,0.984060,0.015940,1.083333,6.083333,4.32000000,55.458975000000,"2026-07-17 00:01:35.055 -0700"
"9387595b8071cbc0fc24d50934c4035b","2026-01-01","S009",40,40,4608,4252,4214,38,41978.09,38966.78,38493.60,473.18,3011.31,0.575000,0.050000,0.050000,0.922743,0.991063,0.008937,0.650000,3.650000,4.20950000,57.518335000000,"2026-07-17 00:01:35.055 -0700"
"4a28393bfcd8edf1948712a8e1eb888e","2026-05-01","S009",49,49,5783,5259,5220,39,58895.39,53522.17,53281.82,240.35,5373.22,0.591837,0.000000,0.000000,0.909390,0.992584,0.007416,0.673469,3.673469,4.21510204,55.231736120000,"2026-07-17 00:01:35.055 -0700"
"ae6e4fa13bca405fcb0d3df997325634","2026-05-01","S007",24,24,2851,2655,2634,21,10644.82,10000.50,9938.54,61.96,644.32,0.583333,0.083333,0.041667,0.931252,0.992090,0.007910,0.541667,4.541667,4.22708333,57.471029990000,"2026-07-17 00:01:35.055 -0700"
"941f3a7090c24dff28dfb030f2c99c31","2026-06-01","S001",18,18,1715,1568,1554,14,23834.90,21806.98,21614.54,192.44,2027.92,0.722222,0.000000,0.000000,0.914286,0.991071,0.008929,0.611111,3.611111,4.12833333,55.063569990000,"2026-07-17 00:01:35.055 -0700"
"1effdb048101e08fa2e628b9c3b38e48","2026-06-01","S004",22,22,2534,2323,2312,11,19671.62,17958.27,17917.59,40.68,1713.35,0.545455,0.000000,0.000000,0.916732,0.995265,0.004735,0.772727,2.772727,4.26000000,55.603600000000,"2026-07-17 00:01:35.055 -0700"
"d71a63ac3ac61e4bf93c527c1498fcd9","2025-02-01","S007",17,17,1661,1539,1534,5,8175.94,7587.55,7568.47,19.08,588.39,0.705882,0.000000,0.000000,0.926550,0.996751,0.003249,0.352941,4.352941,4.37529412,56.224652360000,"2026-07-17 00:01:35.055 -0700"
"cd334037f3ebbe03847491301e966436","2025-04-01","S010",10,10,980,893,889,4,8764.44,8006.32,7962.82,43.50,758.12,0.900000,0.000000,0.000000,0.911224,0.995521,0.004479,0.100000,4.100000,4.30000000,55.591020000000,"2026-07-17 00:01:35.055 -0700"
"d9afa57ba6784daa67e3d32a6f8ed7ac","2025-05-01","S004",24,24,2997,2759,2741,18,29951.65,27680.79,27571.33,109.46,2270.86,0.583333,0.041667,0.000000,0.920587,0.993476,0.006524,0.750000,2.750000,4.01375000,54.925445000000,"2026-07-17 00:01:35.055 -0700"
"0f6b9ed4319b735062982f2245c87ebc","2025-11-01","S007",19,19,2172,2004,1991,13,11720.60,10850.20,10772.29,77.91,870.40,0.368421,0.052632,0.000000,0.922652,0.993513,0.006487,1.210526,5.210526,4.23736842,55.648665260000,"2026-07-17 00:01:35.055 -0700"
"96e59563f25faec6c009b89003296300","2025-12-01","S002",26,26,2783,2522,2486,36,41236.10,37478.78,36935.19,543.59,3757.32,0.500000,0.000000,0.000000,0.906216,0.985726,0.014274,0.807692,4.807692,4.16269231,54.857996930000,"2026-07-17 00:01:35.055 -0700"
"c2e52292e5b8ffaa1008bbf9aa451ecc","2025-12-01","S009",44,44,4841,4504,4459,45,57765.96,53810.91,53350.69,460.22,3955.05,0.636364,0.022727,0.022727,0.930386,0.990009,0.009991,0.659091,3.659091,4.16704545,56.470046350000,"2026-07-17 00:01:35.055 -0700"
"0f9de6859228f73e29c36eaeed3825d0","2026-05-01","S001",16,16,2075,1904,1874,30,29367.29,26939.67,26510.41,429.26,2427.62,0.625000,0.000000,0.000000,0.917590,0.984244,0.015756,0.625000,3.625000,4.25625000,55.393380000000,"2026-07-17 00:01:35.055 -0700"
"d12efad84d617730afc3823f022b85a5","2026-05-01","S010",23,23,2494,2315,2300,15,17652.05,16451.01,16342.94,108.07,1201.04,0.652174,0.130435,0.086957,0.928228,0.993521,0.006479,0.521739,4.521739,4.26304348,59.343530440000,"2026-07-17 00:01:35.055 -0700"
"cfd4559ace3d7cf08fa31235a6856968","2026-06-01","S010",21,21,2161,2003,1988,15,17217.84,16035.26,15949.10,86.16,1182.58,0.380952,0.000000,0.000000,0.926886,0.992511,0.007489,1.333333,5.333333,4.13142857,55.416655710000,"2026-07-17 00:01:35.055 -0700"
"55fc729462be750db8e67468dfb8d271","2025-08-01","S010",27,27,3189,2940,2912,28,27147.05,24934.70,24710.56,224.14,2212.35,0.666667,0.000000,0.000000,0.921919,0.990476,0.009524,0.666667,4.666667,4.14666667,55.297495010000,"2026-07-17 00:01:35.055 -0700"
"5073ae48f07d50ee191230534f44a117","2025-10-01","S004",30,30,3220,2948,2917,31,31105.93,28425.97,28137.00,288.97,2679.96,0.700000,0.033333,0.033333,0.915528,0.989484,0.010516,0.633333,2.633333,4.14766667,56.454200010000,"2026-07-17 00:01:35.055 -0700"
"877fe1cd0a2f60b1fde94ea2f22af64a","2024-02-01","S002",25,25,2838,2646,2629,17,41521.58,38683.29,38403.76,279.53,2838.29,0.560000,0.040000,0.000000,0.932347,0.993575,0.006425,0.960000,4.960000,4.20400000,55.792175000000,"2026-07-17 00:01:35.055 -0700"
"0591505bbf43fc32e0c4ddaad561a1cb","2024-07-01","S001",9,9,992,936,924,12,14114.18,13320.13,13154.26,165.87,794.05,0.555556,0.111111,0.111111,0.943548,0.987179,0.012821,1.111111,4.111111,4.19000000,60.346720000000,"2026-07-17 00:01:35.055 -0700"
"64f4795a1f256b8d746cba70658f614d","2025-02-01","S010",11,11,1099,994,985,9,6557.01,5945.91,5897.56,48.35,611.10,0.545455,0.000000,0.000000,0.904459,0.990946,0.009054,1.272727,5.272727,4.24636364,55.169485920000,"2026-07-17 00:01:35.055 -0700"
"7cd84f81261303b88248e2ef5ccee239","2026-01-01","S005",8,8,807,745,744,1,4299.46,3966.85,3961.47,5.38,332.61,0.500000,0.000000,0.000000,0.923172,0.998658,0.001342,0.875000,3.875000,4.23875000,55.768710000000,"2026-07-17 00:01:35.055 -0700"
"4415f94f72676a26338f772dded5eb04","2025-06-01","S005",8,8,1042,973,972,1,5493.12,5129.61,5124.23,5.38,363.51,0.750000,0.000000,0.000000,0.933781,0.998972,0.001028,1.250000,4.250000,4.38875000,56.490215000000,"2026-07-17 00:01:35.055 -0700"
